MEME version 4

ALPHABET= ACGT

Background letter frequencies
A 0.25 C 0.25 G 0.25 T 0.25

MOTIF AHL6_M01687_AT5G62260_PBM
letter-probability matrix: alength= 4 w= 8 nsites= 1000
0.83905751	0.00039936	0.12020767	0.04033546
0.88160987	0.00029377	0.00029377	0.11780259
0.83268590	0.00027747	0.00027747	0.16675916
0.69395117	0.00027747	0.00027747	0.30549390
0.16675916	0.00027747	0.00027747	0.83268590
0.83268590	0.00027747	0.00027747	0.16675916
0.76410106	0.02967098	0.00029377	0.20593420
0.18528107	0.03735207	0.00036982	0.77699704

MOTIF TBP1_M01567_AT3G13445_PBM
letter-probability matrix: alength= 4 w= 7 nsites= 1000
0.31531084	0.18934277	0.20717398	0.28817241
0.34570492	0.14196571	0.21178796	0.30054142
0.27198221	0.11057972	0.15535870	0.46207937
0.58354182	0.00086859	0.11095405	0.30463554
0.21956456	0.00643432	0.18898097	0.58502016
0.93499625	0.00035365	0.05196355	0.01268655
0.42277670	0.00047088	0.09528231	0.48147011

MOTIF HMGB15_M06696_AT1G04880_Dap-seq
letter-probability matrix: alength= 4 w= 16 nsites= 1000
0.06984100	0.08254000	0.03492100	0.81269800
0.69523800	0.01269800	0.00000000	0.29206300
0.04761900	0.00000000	0.00000000	0.95238100
0.98095200	0.00634900	0.00634900	0.00634900
0.34285700	0.08254000	0.07936500	0.49523800
0.20634900	0.06031700	0.04127000	0.69206300
0.90793700	0.05714300	0.02222200	0.01269800
0.00000000	0.00317500	0.00000000	0.99682500
1.00000000	0.00000000	0.00000000	0.00000000
0.27301600	0.00000000	0.00000000	0.72698400
0.64127000	0.00000000	0.22857100	0.13015900
0.13015900	0.06031700	0.78730200	0.02222200
0.00952400	0.00634900	0.00000000	0.98412700
0.22539700	0.06349200	0.01904800	0.69206300
0.10158700	0.06349200	0.05396800	0.78095200
0.25396800	0.06984100	0.10476200	0.57142900

MOTIF FUS3_M06706_AT3G26790_Dap-seq
letter-probability matrix: alength= 4 w= 15 nsites= 1000
0.20373500	0.13073000	0.10696100	0.55857400
0.26315800	0.13073000	0.37691000	0.22920200
0.16129000	0.38879500	0.09847200	0.35144300
0.56027200	0.03904900	0.05093400	0.34974500
0.00000000	0.00169800	0.00000000	0.99830200
0.00000000	0.00000000	1.00000000	0.00000000
0.00000000	0.99320900	0.00169800	0.00509300
1.00000000	0.00000000	0.00000000	0.00000000
0.00000000	0.00000000	0.00000000	1.00000000
0.00000000	0.00000000	1.00000000	0.00000000
0.06451600	0.39049200	0.08489000	0.46010200
0.59083200	0.05602700	0.20034000	0.15280100
0.17996600	0.15959300	0.07979600	0.58064500
0.35653700	0.10696100	0.26315800	0.27334500
0.22410900	0.10526300	0.12903200	0.54159600

